7.0|0
8.0|65
8.1|201
8.2|349
8.3|510
8.4|657
9.0|792
9.1|932
9.2|1068
9.3|1204
9.4|1347
10.0|1500
10.1|1633
10.2|1770
10.3|1900
10.4|2039
10.5|2180
11.0|2345
11.1|2470
11.2|2616
11.3|2763
11.4|2904
11.5|3045
12.0|3182
12.1|3310
12.2|3469
12.3|3612
12.4|3751
12.5|3890
13.0|4021
13.1|4145
13.2|4283
13.3|4412
13.4|4544
13.5|4719
14.0|4864
14.1|5010
14.2|5143
14.3|5274
14.4|5413
14.5|5551
15.0|5688
15.1|5810
15.2|5948
15.3|6082
15.4|6241
15.5|6392
16.0|6548
16.1|6691
16.2|6828
16.3|6968
16.4|7113
16.5|7255
17.0|7393
17.1|7528
17.2|7671
17.3|7818
17.4|7964
17.5|8100
18.0|8239
18.1|8386
18.2|8530
18.3|8670
18.4|8820
18.5|8967
19.0|9102
19.1|9231
19.2|9369
19.3|9505
19.4|9653
19.5|9822
20.0|9963
20.1|10098
20.2|10246
21.0|10276
22.0|10398
22.1|10576
22.2|10770
22.3|10972
22.4|11162
23.0|11359
23.1|11521
23.2|11712
23.3|11879
23.4|12047
24.0|12194
24.1|12342
24.2|12473
24.3|12625
24.4|12771
24.5|12916
25.0|13072
25.1|13195
25.2|13345
25.3|13523
25.4|13679
25.5|13849
26.0|14001
26.1|14162
26.2|14291
26.3|14420
26.4|14555
26.5|14695
27.0|14821
27.1|14948
27.2|15077
27.3|15209
27.4|15338
27.5|15481
28.0|15624
28.1|15767
28.2|15941
28.3|16106
28.4|16257
28.5|16386
29.0|16522
29.1|16659
29.2|16800
29.3|16936
29.4|17069
29.5|17209
30.0|17361
30.1|17505
30.2|17643
30.3|17786
30.4|17938
30.5|18071
31.0|18219
31.1|18339
31.2|18493
31.3|18654
31.4|18829
31.5|19004
32.0|19159
32.1|19325
32.2|19469
32.3|19604
32.4|19745
32.5|19890
33.0|20028
33.1|20149
33.2|20284
33.3|20427
33.4|20576
33.5|20733
34.0|20868
34.1|21018
34.2|21158
34.3|21313
34.4|21457
34.5|21615
35.0|21766
35.1|21893
35.2|22055
35.3|22195
35.4|22338
35.5|22484
36.0|22625
36.1|22792
36.2|22934
36.3|23102
36.4|23254
36.5|23422
37.0|23566
37.1|23687
37.2|23839
37.3|23983
37.4|24131
37.5|24268
38.0|24409
38.1|24546
38.2|24692
38.3|24832
38.4|24972
38.5|25121
39.0|25271
39.1|25385
39.2|25537
39.3|25709
39.4|25873
39.5|26048
40.0|26195
40.1|26349
40.2|26504
40.3|26628
40.4|26762
40.5|26907
41.0|27062
41.1|27211
41.2|27359
41.3|27528
41.4|27668
41.5|27829
42.0|27997
42.1|28168
42.2|28311
42.3|28452
42.4|28602
42.5|28760
43.0|28934
43.1|29100
43.2|29293
43.3|29480
43.4|29677
43.5|29853
44.0|30038
44.1|30230
44.2|30417
44.3|30606
44.4|30787
44.5|30970
45.0|31154
45.1|31303
45.2|31498
45.3|31673
45.4|31828
45.5|31962
46.0|32096
46.1|32237
46.2|32376
46.3|32511
46.4|32654
46.5|32789
47.0|32940
47.1|33078
47.2|33220
47.3|33375
47.4|33521
47.5|33664
48.0|33819
48.1|33959
48.2|34106
48.3|34249
48.4|34393
48.5|34533
49.0|34670
49.1|34792
49.2|34928
49.3|35112
51.0|35172
52.0|35202
52.1|35339
52.2|35487
52.3|35638
52.4|35800
53.0|35951
53.1|36077
53.2|36218
53.3|36367
53.4|36516
53.5|36658
54.0|36811
54.1|36958
54.2|37113
54.3|37252
54.4|37401
55.0|37608
56.0|37695
56.1|37863
56.2|38045
56.3|38230
56.4|38394
57.0|38533
57.1|38659
57.2|38811
57.3|38953
57.4|39094
58.0|39229
58.1|39380
58.2|39513
58.3|39675
58.4|39823
58.5|39966
59.0|40114
59.1|40243
59.2|40377
59.3|40532
59.4|40688
59.5|40849
60.0|41007
60.1|41179
60.2|41319
60.3|41460
60.4|41611
60.5|41758
61.0|41905
61.1|42056
61.2|42216
61.3|42375
61.4|42528
61.5|42704
62.0|42870
62.1|43029
62.2|43184
62.3|43332
62.4|43526
62.5|43687
63.0|43832
63.1|43973
63.2|44122
63.3|44266
63.4|44416
63.5|44554
64.0|44705
64.1|44855
64.2|45010
64.3|45159
64.4|45303
64.5|45449
65.0|45597
65.1|45728
65.2|45868
65.3|46014
65.4|46179
65.5|46335
66.0|46473
66.1|46629
66.2|46778
66.3|46933
66.4|47081
66.5|47219
67.0|47364
67.1|47494
67.2|47642
67.3|47788
67.4|47929
67.5|48084
68.0|48221
68.1|48366
68.2|48516
68.3|48650
68.4|48800
68.5|48949
69.0|49085
69.1|49214
69.2|49354
69.3|49506
69.4|49681
69.5|49831
70.0|49981
70.1|50174
70.2|50364
70.3|50539
70.4|50723
70.5|50905
71.0|51101
71.1|51267
71.2|51465
71.3|51653
73.0|51682
73.1|51831
73.2|51974
73.3|52126
73.4|52267
74.0|52410
74.1|52561
74.2|52699
74.3|52843
75.1|52879
76.0|52925
76.1|53068
76.2|53229
76.3|53387
76.4|53546
77.0|53710
77.1|53844
77.2|53999
77.3|54154
77.4|54310
77.5|54474
78.0|54628
78.1|54796
78.2|54950
78.3|55109
78.4|55270
78.5|55427
79.0|55577
80.0|55688
80.1|55812
80.2|55945
80.3|56091
80.4|56230
81.0|56286
81.1|56403
81.2|56544
81.3|56692
81.4|56831
82.0|56835
82.1|56964
82.2|57066
82.3|57174
83.0|57291
83.1|57380
83.2|57487
83.3|57594
84.0|57711
84.1|57859
84.2|58009
84.3|58153
84.4|58299
84.5|58431
85.0|58573
85.1|58704
85.2|58835
85.3|58967
85.4|59109
85.5|59250
86.0|59389
86.1|59532
86.2|59673
86.3|59816
86.4|59943
86.5|60084
87.0|60238
87.1|60364
87.2|60508
87.3|60680
87.4|60822
87.5|60968
88.0|61110
88.1|61256
88.2|61383
88.3|61534
88.4|61678
88.5|61822
89.0|61970
89.1|62097
89.2|62239
89.3|62379
89.4|62524
89.5|62672
90.0|62809
90.1|62953
90.2|63096
90.3|63241
90.4|63380
90.5|63529
91.0|63678
91.1|63807
91.2|63956
91.3|64100
91.4|64272
91.5|64434
92.0|64596
92.1|64743
92.2|64887
92.3|65038
92.4|65176
92.5|65314
93.0|65456
93.1|65587
93.2|65751
93.3|65889
93.4|66035
93.5|66178
94.0|66316
94.1|66460
94.2|66596
94.3|66733
94.4|66875
94.5|67013
95.0|67162
95.1|67285
95.2|67423
95.3|67569
95.4|67724
95.5|67861
96.0|68003
96.1|68150
96.2|68287
96.3|68423
96.4|68566
96.5|68710
97.0|68845
97.1|68979
97.2|69121
97.3|69265
97.4|69408
97.5|69547
98.0|69690
98.1|69845
98.2|69993
98.3|70134
98.4|70271
98.5|70414
99.0|70570
99.1|70714
99.2|70857
99.3|70999
99.4|71139
99.5|71271
100.0|71411
100.1|71545
100.2|71680
100.3|71817
100.4|71960
100.5|72102
101.0|72248
101.1|72376
101.2|72514
101.3|72653
101.4|72788
101.5|72933
102.0|73076
102.1|73211
102.2|73345
102.3|73500
102.4|73644
102.5|73793
103.0|73935
103.1|74058
103.2|74196
103.3|74347
103.4|74493
103.5|74640
104.0|74770
104.1|74912
104.2|75057
104.3|75200
104.4|75343
104.5|75470
105.0|75621
105.1|75757
105.2|75907
105.3|76053
105.4|76190
105.5|76334
106.0|76469
106.1|76611
106.2|76748
106.3|76888
106.4|77031
106.5|77174
107.0|77321
107.1|77444
107.2|77581
107.3|77733
107.4|77871
107.5|78027
108.0|78178
108.1|78316
108.2|78452
108.3|78604
108.4|78742
108.5|78883
109.0|79025
109.1|79154
109.2|79294
109.3|79443
109.4|79581
109.5|79722
110.0|79861
110.1|80002
110.2|80147
110.3|80314
110.4|80503
110.5|80689
111.0|80875
111.1|81037
111.2|81180
111.3|81319
111.4|81460
111.5|81593
112.0|81730
112.1|81884
112.2|82027
112.3|82161
112.4|82296
112.5|82444
113.0|82587
113.1|82708
113.2|82853
113.3|82993
113.4|83144
113.5|83287
114.0|83437
114.1|83579
114.2|83719
114.3|83864
114.4|84016
114.5|84151
115.0|84308
115.1|84431
115.2|84569
115.3|84717
115.4|84859
115.5|85000
116.0|85145
116.1|85292
116.2|85441
116.3|85596
116.4|85746
116.5|85904
117.0|86041
117.1|86172
117.2|86319
117.3|86456
117.4|86597
117.5|86740
118.0|86886
118.1|87046
118.2|87183
118.3|87319
118.4|87465
118.5|87603
119.0|87745
119.1|87864
119.2|87999
119.3|88136
119.4|88267
119.5|88403
120.0|88537
120.1|88680
120.2|88817
120.3|88975
120.4|89112
120.5|89270
121.0|89408
121.1|89533
121.2|89693
121.3|89844
121.4|89994
121.5|90139
122.0|90288
122.1|90432
122.2|90585
122.3|90731
122.4|90886
122.5|91023
123.0|91156
123.1|91278
123.2|91415
123.3|91557
123.4|91692
123.5|91824
124.0|91965
124.1|92115
124.2|92257
124.3|92392
124.4|92536
124.5|92675
125.0|92806
125.1|92941
125.2|93077
125.3|93230
125.4|93372
125.5|93518
126.0|93678
126.1|93826
126.2|93966
126.3|94122
126.4|94258
126.5|94399
127.0|94543
127.1|94669
127.2|94806
127.3|94942
127.4|95076
127.5|95237
128.0|95418
128.1|95584
128.2|95757
128.3|95945
128.4|96094
128.5|96228
129.0|96367
129.1|96488
129.2|96619
129.3|96760
129.4|96895
129.5|97030
130.0|97166
130.1|97314
130.2|97452
130.3|97601
130.4|97748
130.5|97897
131.0|98039
131.1|98165
131.2|98304
131.3|98450
131.4|98589
131.5|98738
132.0|98893
132.1|99040
132.2|99176
132.3|99314
132.4|99451
132.5|99586
133.0|99726
133.1|99849
133.2|99999
133.3|100141
133.4|100299
133.5|100442
134.0|100590
134.1|100748
134.2|100888
134.3|101040
134.4|101181
134.5|101329
135.0|101476
135.1|101613
135.2|101761
135.3|101905
135.4|102046
135.5|102194
136.0|102360
136.1|102497
136.2|102640
136.3|102772
136.4|102913
136.5|103049
137.0|103182
137.1|103315
137.2|103470
137.3|103618
137.4|103767
137.5|103911
138.0|104047
138.1|104186
138.2|104340
138.3|104484
138.4|104610
138.5|104753
139.0|104890
139.1|105036
139.2|105177
139.3|105326
139.4|105462
139.5|105606
140.0|105741
140.1|105927
140.2|106099
140.3|106276
140.4|106416
140.5|106561
141.0|106707
141.1|106838
141.2|106968
141.3|107113
141.4|107251
141.5|107392
142.0|107527
142.1|107672
142.2|107815
142.3|107948
142.4|108086
142.5|108238
143.0|108373
143.1|108501
143.2|108648
143.3|108796
143.4|108959
143.5|109114
144.0|109262
144.1|109417
144.2|109571
144.3|109727
144.4|109873
144.5|110027
145.0|110172
145.1|110305
145.2|110459
145.3|110596
145.4|110746
145.5|110891
146.0|111037
146.1|111166
146.2|111312
146.3|111451
146.4|111587
146.5|111732
147.0|111883
147.1|112003
147.2|112148
147.3|112298
147.4|112452
147.5|112596
148.0|112734
148.1|112870
148.2|113027
148.3|113175
148.4|113322
148.5|113466
149.0|113611
149.1|113732
149.2|113873
149.3|114014
149.4|114161
149.5|114294
150.0|114427
150.1|114573
150.2|114706
150.3|114852
150.4|114997
150.5|115146
151.0|115236
152.0|115314
152.1|115440
152.2|115582
152.3|115726
152.4|115880
153.0|116022
153.1|116148
153.2|116291
153.3|116434
153.4|116574
154.0|116718
154.1|116859
154.2|117003
